CatBoost CB_2 Best Hyperparameters (Optuna)
========================================
iterations: 478
learning_rate: 0.11970978726406595
depth: 9
l2_leaf_reg: 7.113999068952291
border_count: 248
bagging_temperature: 0.711545595106316
random_strength: 23.107390618430266
