LGB Best Hyperparameters (Optuna)
========================================
n_estimators: 476
learning_rate: 0.04105375569305578
max_depth: 5
num_leaves: 33
min_child_samples: 11
subsample: 0.7871394683502076
colsample_bytree: 0.943331164731118
reg_alpha: 1.0924785147288316
reg_lambda: 4.084867831522002
